{
  "advancedEditorSelectedIdentifier" : "ProjectBrowser",
  "openSceneRelativePaths" : [
    "Playground.usda"
  ],
  "recentIdentifiers" : {
    "184C1B40-3848-4026-93D3-B152B6D5D806" : [

    ],
    "26DBAE76-5DD8-47B6-A085-1B4ADA111097" : [

    ],
    "4CF69A05-4D69-4F50-94DF-66F8A758797E" : [

    ],
    "5C1DE8A3-DCC5-4AB9-AC44-8F3F40009E4D" : [

    ],
    "86CF1B8B-4ADA-4E9E-AD58-06335E937D81" : [

    ],
    "923AAA0B-0A2F-4CA3-90F3-C48A3C83DB68" : [

    ],
    "AD0E44CF-FCEC-467B-A3A7-6905A87ADE13" : [

    ],
    "C2F97183-0245-49C0-8546-BFABAB9D7979" : [

    ],
    "DB47D51E-65F9-40DC-9231-E9292E90E532" : [

    ],
    "E272DB3D-49BE-4C8B-9C9D-1B8737A8E636" : [

    ],
    "E3D047F5-B1A5-4582-BD56-693AB21EB3CB" : [

    ],
    "E91F422E-A905-41D3-9F7A-BE0FD3EFFA9A" : [

    ]
  },
  "sceneCameraHistory" : {
    "184C1B40-3848-4026-93D3-B152B6D5D806" : [
      {
        "date" : 782248938.911715,
        "title" : "Untitled",
        "transform" : [
          1,
          0,
          0,
          0,
          0,
          0.7071069,
          -0.7071067,
          0,
          0,
          0.7071067,
          0.7071069,
          0,
          4.144125e-07,
          1.7509837,
          1.7509837,
          1
        ]
      },
      {
        "date" : 782248919.910692,
        "title" : "Untitled",
        "transform" : [
          1,
          0,
          0,
          0,
          0,
          0.7071069,
          -0.7071067,
          0,
          0,
          0.7071067,
          0.7071069,
          0,
          2.3265167e-07,
          0.22594573,
          0.22594573,
          1
        ]
      },
      {
        "date" : 782248918.185108,
        "title" : "Untitled",
        "transform" : [
          1,
          0,
          -0,
          0,
          -0,
          0.7071069,
          -0.7071067,
          0,
          0,
          0.7071067,
          0.7071069,
          0,
          1.1920929e-07,
          0.1157732,
          0.1157732,
          1
        ]
      },
      {
        "date" : 782248883.318937,
        "title" : "Untitled",
        "transform" : [
          1,
          0,
          0,
          0,
          0,
          0.7071069,
          -0.70710677,
          0,
          0,
          0.70710677,
          0.7071069,
          0,
          -0.13549924,
          1.8379159,
          1.8196647,
          1
        ]
      }
    ],
    "26DBAE76-5DD8-47B6-A085-1B4ADA111097" : [
      {
        "date" : 781534754.219968,
        "title" : "Untitled",
        "transform" : [
          1,
          0,
          -0,
          0,
          -0,
          0.7071069,
          -0.7071067,
          0,
          0,
          0.7071067,
          0.7071069,
          0,
          0.008439004,
          2.3826475,
          2.379248,
          1
        ]
      },
      {
        "date" : 781534112.21493,
        "title" : "Untitled",
        "transform" : [
          1,
          0,
          -0,
          0,
          -0,
          0.7071069,
          -0.7071067,
          0,
          0,
          0.7071067,
          0.7071069,
          0,
          5.9604645e-08,
          2.2778733,
          2.304453,
          1
        ]
      },
      {
        "date" : 781534109.979715,
        "title" : "Untitled",
        "transform" : [
          1,
          0,
          -0,
          0,
          -0,
          0.7071069,
          -0.7071067,
          0,
          0,
          0.7071067,
          0.7071069,
          0,
          0.008439004,
          2.3826475,
          2.3792477,
          1
        ]
      },
      {
        "date" : 781514969.374741,
        "title" : "Untitled",
        "transform" : [
          1,
          0,
          0,
          0,
          0,
          0.7071069,
          -0.70710677,
          0,
          0,
          0.70710677,
          0.7071069,
          0,
          -0.14156878,
          2.741862,
          2.8788,
          1
        ]
      }
    ],
    "787F1524-CB82-421E-B7C9-630DDD67247D" : [
      {
        "date" : 782037730.275265,
        "title" : "Untitled",
        "transform" : [
          0.99001366,
          -2.9572e-08,
          0.14097153,
          0,
          0.115337506,
          0.57498837,
          -0.8099912,
          0,
          -0.08105698,
          0.81816167,
          0.5692463,
          0,
          -0.11657341,
          4.0427866,
          2.3193045,
          1
        ]
      },
      {
        "date" : 782037723.756467,
        "title" : "Untitled",
        "transform" : [
          0.9279769,
          -1.5568451e-08,
          0.3726379,
          0,
          0.16115893,
          0.9016429,
          -0.40133265,
          0,
          -0.3359863,
          0.43248132,
          0.8367037,
          0,
          -5.0776973,
          5.8388314,
          11.7981415,
          1
        ]
      },
      {
        "date" : 782037720.579731,
        "title" : "Untitled",
        "transform" : [
          0.9279769,
          -7.7572375e-09,
          0.37263784,
          0,
          0.14253804,
          0.92395097,
          -0.35496122,
          0,
          -0.34429914,
          0.38251084,
          0.8574051,
          0,
          -6.6365113,
          6.683948,
          15.224701,
          1
        ]
      },
      {
        "date" : 782037709.103396,
        "title" : "Untitled",
        "transform" : [
          1,
          0,
          0,
          0,
          0,
          0.7071069,
          -0.70710677,
          0,
          0,
          0.70710677,
          0.7071069,
          0,
          0,
          12.762291,
          12.762296,
          1
        ]
      },
      {
        "date" : 782037707.406915,
        "title" : "Untitled",
        "transform" : [
          1,
          0,
          0,
          0,
          0,
          0.7071069,
          -0.70710677,
          0,
          0,
          0.70710677,
          0.7071069,
          0,
          0,
          27.219131,
          27.219141,
          1
        ]
      }
    ],
    "86CF1B8B-4ADA-4E9E-AD58-06335E937D81" : [
      {
        "date" : 781716139.787826,
        "title" : "Untitled",
        "transform" : [
          1,
          0,
          0,
          0,
          0,
          0.7071069,
          -0.70710677,
          0,
          0,
          0.70710677,
          0.7071069,
          0,
          0,
          1.8287902,
          1.8287904,
          1
        ]
      }
    ],
    "8A3072F4-41CB-4736-A3DD-D242BB50C575" : [
      {
        "date" : 781534108.684201,
        "title" : "Untitled",
        "transform" : [
          -0.5450624,
          -3.089454e-08,
          -0.8383955,
          0,
          0.027329436,
          0.99946856,
          -0.017767606,
          0,
          0.8379499,
          -0.03259733,
          -0.5447728,
          0,
          3.0363622,
          -0.08951272,
          -2.1478424,
          1
        ]
      },
      {
        "date" : 781523034.636439,
        "title" : "Untitled",
        "transform" : [
          -0.5450628,
          -2.6431362e-08,
          -0.8383953,
          0,
          0.027329464,
          0.9994686,
          -0.017767556,
          0,
          0.8379497,
          -0.032597423,
          -0.54477316,
          0,
          2.6642842,
          -0.3075346,
          -1.1761787,
          1
        ]
      },
      {
        "date" : 781523023.343367,
        "title" : "Untitled",
        "transform" : [
          0.32202795,
          -2.0676914e-08,
          -0.9467301,
          0,
          -0.57444996,
          0.7948754,
          -0.1953977,
          0,
          0.7525326,
          0.6067726,
          0.25597206,
          0,
          1.883972,
          1.3712885,
          1.1331539,
          1
        ]
      },
      {
        "date" : 781523017.526625,
        "title" : "Untitled",
        "transform" : [
          0.322526,
          -1.0525626e-08,
          -0.94656056,
          0,
          -0.93186533,
          0.17552419,
          -0.31751877,
          0,
          0.16614439,
          0.9844751,
          0.056611087,
          0,
          0.4707575,
          2.4629328,
          0.652817,
          1
        ]
      },
      {
        "date" : 781522990.624335,
        "title" : "Untitled",
        "transform" : [
          0.96772957,
          -7.9189535e-09,
          0.25199118,
          0,
          0.16009618,
          0.7722451,
          -0.6148224,
          0,
          -0.19459905,
          0.63532454,
          0.7473244,
          0,
          -0.83958095,
          1.4874233,
          1.9154849,
          1
        ]
      },
      {
        "date" : 781522982.34719,
        "title" : "Untitled",
        "transform" : [
          0.8311931,
          -1.1666879e-08,
          -0.5559839,
          0,
          -0.3277977,
          0.807709,
          -0.49005592,
          0,
          0.44907317,
          0.58958125,
          0.67136216,
          0,
          2.484616,
          3.3058841,
          4.0501585,
          1
        ]
      },
      {
        "date" : 781515319.826908,
        "title" : "Untitled",
        "transform" : [
          0.8311931,
          -1.1666879e-08,
          -0.5559839,
          0,
          -0.3277977,
          0.807709,
          -0.49005592,
          0,
          0.44907317,
          0.58958125,
          0.67136216,
          0,
          3.5869904,
          4.6993036,
          5.3440037,
          1
        ]
      },
      {
        "date" : 781515312.507143,
        "title" : "Untitled",
        "transform" : [
          0.93131804,
          -1.0731675e-08,
          -0.36420706,
          0,
          -0.14058763,
          0.9224945,
          -0.35949826,
          0,
          0.33597898,
          0.3860101,
          0.85913575,
          0,
          0.8603016,
          0.98522925,
          2.190831,
          1
        ]
      },
      {
        "date" : 781515308.240193,
        "title" : "Untitled",
        "transform" : [
          0.93131804,
          -1.0731675e-08,
          -0.36420706,
          0,
          -0.14058764,
          0.9224946,
          -0.3594983,
          0,
          0.335979,
          0.38601017,
          0.85913587,
          0,
          2.2011774,
          2.5208187,
          5.605485,
          1
        ]
      },
      {
        "date" : 781514995.625018,
        "title" : "Untitled",
        "transform" : [
          1,
          0,
          -0,
          0,
          -0,
          0.7071069,
          -0.7071067,
          0,
          0,
          0.7071067,
          0.7071069,
          0,
          0.008439124,
          2.3792472,
          2.378087,
          1
        ]
      }
    ],
    "923AAA0B-0A2F-4CA3-90F3-C48A3C83DB68" : [
      {
        "date" : 781616710.399315,
        "title" : "Untitled",
        "transform" : [
          0.96559614,
          -1.7417973e-08,
          0.26004663,
          0,
          0.081554726,
          0.94955,
          -0.30282602,
          0,
          -0.2469271,
          0.31361565,
          0.91688186,
          0,
          0.12999548,
          1.4697751,
          -1.3193171,
          1
        ]
      },
      {
        "date" : 781616242.010719,
        "title" : "Untitled",
        "transform" : [
          0.98896945,
          -1.9443442e-08,
          0.1481192,
          0,
          0.06709133,
          0.89153343,
          -0.44795844,
          0,
          -0.13205308,
          0.45295474,
          0.8816995,
          0,
          -0.67193455,
          1.6858118,
          -1.8935684,
          1
        ]
      },
      {
        "date" : 781615814.297604,
        "title" : "Untitled",
        "transform" : [
          0.95590127,
          -1.8875427e-08,
          0.29368803,
          0,
          0.17905681,
          0.7926448,
          -0.58279735,
          0,
          -0.23279019,
          0.6096836,
          0.75769037,
          0,
          -0.49283662,
          1.8329042,
          -1.9130248,
          1
        ]
      },
      {
        "date" : 781615359.420595,
        "title" : "Untitled",
        "transform" : [
          0.9750571,
          -1.4768668e-08,
          0.221954,
          0,
          0.16747028,
          0.6562691,
          -0.7357068,
          0,
          -0.14566143,
          0.75452685,
          0.63989997,
          0,
          -0.55731153,
          2.8518262,
          -0.81271696,
          1
        ]
      },
      {
        "date" : 781615356.337117,
        "title" : "Untitled",
        "transform" : [
          0.9750571,
          -1.4768668e-08,
          0.221954,
          0,
          0.16747028,
          0.6562691,
          -0.7357068,
          0,
          -0.14566143,
          0.75452685,
          0.63989997,
          0,
          -0.33857986,
          2.1345222,
          0.08286977,
          1
        ]
      },
      {
        "date" : 781615349.616296,
        "title" : "Untitled",
        "transform" : [
          0.9750571,
          -1.4768668e-08,
          0.221954,
          0,
          0.16747028,
          0.6562691,
          -0.7357068,
          0,
          -0.14566143,
          0.75452685,
          0.63989997,
          0,
          -0.29087356,
          1.9863733,
          0.26841772,
          1
        ]
      },
      {
        "date" : 781615264.789453,
        "title" : "Untitled",
        "transform" : [
          0.975057,
          -1.4768666e-08,
          0.22195397,
          0,
          0.16747026,
          0.656269,
          -0.73570675,
          0,
          -0.14566143,
          0.75452685,
          0.63989997,
          0,
          -0.013374239,
          1.7234914,
          0.64155823,
          1
        ]
      },
      {
        "date" : 781615007.888647,
        "title" : "Untitled",
        "transform" : [
          0.93365526,
          -2.7850403e-08,
          0.35817304,
          0,
          0.25255832,
          0.7090787,
          -0.6583476,
          0,
          -0.25397277,
          0.7051292,
          0.66203517,
          0,
          -0.27420932,
          1.5993282,
          0.6596546,
          1
        ]
      },
      {
        "date" : 781615005.093705,
        "title" : "Untitled",
        "transform" : [
          0.93365526,
          -2.7850403e-08,
          0.35817304,
          0,
          0.25255832,
          0.7090787,
          -0.6583476,
          0,
          -0.25397277,
          0.7051292,
          0.66203517,
          0,
          -0.18042311,
          1.6262528,
          0.6669563,
          1
        ]
      },
      {
        "date" : 781615003.622316,
        "title" : "Untitled",
        "transform" : [
          0.93365526,
          -2.7850403e-08,
          0.35817304,
          0,
          0.25255832,
          0.7090787,
          -0.6583476,
          0,
          -0.25397277,
          0.7051292,
          0.66203517,
          0,
          0.11226274,
          1.1870239,
          0.036420017,
          1
        ]
      }
    ],
    "C2F97183-0245-49C0-8546-BFABAB9D7979" : [
      {
        "date" : 782287264.934291,
        "title" : "Untitled",
        "transform" : [
          0.99037325,
          9.711897e-08,
          0.13842276,
          0,
          0.047075797,
          0.9403936,
          -0.3368139,
          0,
          -0.13017192,
          0.34008783,
          0.9313408,
          0,
          -0.22648598,
          1.3578919,
          -2.088556,
          1
        ]
      },
      {
        "date" : 782249321.248781,
        "title" : "Untitled",
        "transform" : [
          0.99037325,
          9.234214e-08,
          0.13842274,
          0,
          0.047075797,
          0.94039375,
          -0.33681387,
          0,
          -0.13017191,
          0.34008777,
          0.9313408,
          0,
          0.114402786,
          1.7294446,
          -1.3102818,
          1
        ]
      },
      {
        "date" : 782249293.266029,
        "title" : "Untitled",
        "transform" : [
          0.99037325,
          9.234214e-08,
          0.13842274,
          0,
          0.047075797,
          0.94039375,
          -0.33681387,
          0,
          -0.13017191,
          0.34008777,
          0.9313408,
          0,
          -1.424778,
          4.9096346,
          7.6584244,
          1
        ]
      },
      {
        "date" : 782249259.365296,
        "title" : "Untitled",
        "transform" : [
          0.99037325,
          9.234214e-08,
          0.13842274,
          0,
          0.047075797,
          0.94039375,
          -0.33681387,
          0,
          -0.13017191,
          0.34008777,
          0.9313408,
          0,
          -0.09060672,
          1.4239706,
          -1.8871726,
          1
        ]
      },
      {
        "date" : 782249210.007394,
        "title" : "Untitled",
        "transform" : [
          0.99037325,
          8.6764565e-08,
          0.13842273,
          0,
          0.04707579,
          0.94039375,
          -0.3368138,
          0,
          -0.13017188,
          0.34008777,
          0.93134075,
          0,
          -0.15245724,
          1.428118,
          -1.7321949,
          1
        ]
      },
      {
        "date" : 782249191.942173,
        "title" : "Untitled",
        "transform" : [
          0.99037325,
          8.6764565e-08,
          0.13842273,
          0,
          0.04707579,
          0.94039375,
          -0.3368138,
          0,
          -0.13017188,
          0.34008777,
          0.93134075,
          0,
          0.54378605,
          1.533931,
          -1.6735213,
          1
        ]
      },
      {
        "date" : 782249186.58315,
        "title" : "Untitled",
        "transform" : [
          0.9901853,
          8.653856e-08,
          0.1397608,
          0,
          0.037363242,
          0.9636029,
          -0.26471382,
          0,
          -0.13467394,
          0.26733768,
          0.95414543,
          0,
          0.53890514,
          1.4566835,
          -1.6485909,
          1
        ]
      },
      {
        "date" : 782249097.587626,
        "title" : "Untitled",
        "transform" : [
          0.9901853,
          8.653856e-08,
          0.1397608,
          0,
          0.037363242,
          0.9636029,
          -0.26471382,
          0,
          -0.13467394,
          0.26733768,
          0.95414543,
          0,
          0.63915783,
          1.2576858,
          -2.3588753,
          1
        ]
      },
      {
        "date" : 782249094.599422,
        "title" : "Untitled",
        "transform" : [
          0.9901853,
          8.88132e-08,
          0.1397608,
          0,
          0.03736325,
          0.9636029,
          -0.26471388,
          0,
          -0.13467394,
          0.26733774,
          0.95414543,
          0,
          -0.3749798,
          1.7916218,
          -0.4908297,
          1
        ]
      },
      {
        "date" : 782249000.392717,
        "title" : "Untitled",
        "transform" : [
          0.9901853,
          8.88132e-08,
          0.1397608,
          0,
          0.03736325,
          0.9636029,
          -0.26471388,
          0,
          -0.13467394,
          0.26733774,
          0.95414543,
          0,
          0.3684882,
          1.2576857,
          -2.3588736,
          1
        ]
      }
    ],
    "DB47D51E-65F9-40DC-9231-E9292E90E532" : [
      {
        "date" : 782044256.670342,
        "title" : "Untitled",
        "transform" : [
          0.9388248,
          8.8961727e-10,
          0.3443951,
          0,
          0.22505315,
          0.7569492,
          -0.6134974,
          0,
          -0.26068962,
          0.65347373,
          0.71064276,
          0,
          -5.3351493,
          9.175693,
          7.4690423,
          1
        ]
      },
      {
        "date" : 782037765.067905,
        "title" : "Untitled",
        "transform" : [
          0.9388248,
          8.8961727e-10,
          0.3443951,
          0,
          0.22505315,
          0.7569492,
          -0.6134974,
          0,
          -0.26068962,
          0.65347373,
          0.71064276,
          0,
          -1.2558558,
          2.931695,
          3.2562265,
          1
        ]
      },
      {
        "date" : 782037645.955436,
        "title" : "Untitled",
        "transform" : [
          1,
          0,
          0,
          0,
          0,
          0.7071069,
          -0.7071067,
          0,
          0,
          0.7071067,
          0.7071069,
          0,
          0.006078016,
          3.1896772,
          3.1942987,
          1
        ]
      },
      {
        "date" : 781534203.282184,
        "title" : "Untitled",
        "transform" : [
          1,
          0,
          0,
          0,
          0,
          0.7071069,
          -0.7071067,
          0,
          0,
          0.7071067,
          0.7071069,
          0,
          0.006078016,
          3.1896772,
          3.1942987,
          1
        ]
      },
      {
        "date" : 781534200.143502,
        "title" : "Untitled",
        "transform" : [
          1,
          0,
          -0,
          0,
          -0,
          0.7071069,
          -0.7071067,
          0,
          0,
          0.7071067,
          0.7071069,
          0,
          0.008426512,
          4.4221425,
          4.42855,
          1
        ]
      }
    ],
    "E272DB3D-49BE-4C8B-9C9D-1B8737A8E636" : [
      {
        "date" : 781718048.186871,
        "title" : "Untitled",
        "transform" : [
          1,
          0,
          0,
          0,
          0,
          0.86627245,
          -0.49957183,
          0,
          0,
          0.49957183,
          0.86627245,
          0,
          -0.013147224,
          4.4029264,
          7.6653852,
          1
        ]
      },
      {
        "date" : 781717699.294617,
        "title" : "Untitled",
        "transform" : [
          1,
          0,
          -0,
          0,
          -0,
          0.86627245,
          -0.49957183,
          0,
          0,
          0.49957183,
          0.86627245,
          0,
          0.008436453,
          4.4216557,
          7.654584,
          1
        ]
      },
      {
        "date" : 781534890.694622,
        "title" : "Untitled",
        "transform" : [
          1,
          0,
          0,
          0,
          0,
          0.86596036,
          -0.50011265,
          0,
          0,
          0.50011265,
          0.86596036,
          0,
          0.005049012,
          1.2785856,
          2.2139752,
          1
        ]
      },
      {
        "date" : 781534862.671944,
        "title" : "Untitled",
        "transform" : [
          1,
          0,
          0,
          0,
          0,
          0.86596036,
          -0.50011265,
          0,
          0,
          0.50011265,
          0.86596036,
          0,
          0.005049012,
          2.7616444,
          4.78194,
          1
        ]
      },
      {
        "date" : 781534861.042706,
        "title" : "Untitled",
        "transform" : [
          1,
          0,
          -0,
          0,
          -0,
          0.86596036,
          -0.50011265,
          0,
          0,
          0.50011265,
          0.86596036,
          0,
          0.008437659,
          4.6151233,
          7.991341,
          1
        ]
      },
      {
        "date" : 781534823.993236,
        "title" : "Untitled",
        "transform" : [
          1,
          0,
          0,
          0,
          0,
          0.8596616,
          -0.5108641,
          0,
          0,
          0.5108641,
          0.8596616,
          0,
          0.0032001943,
          1.7851518,
          3.0657165,
          1
        ]
      },
      {
        "date" : 781534817.708148,
        "title" : "Untitled",
        "transform" : [
          1,
          0,
          -0,
          0,
          -0,
          0.8596616,
          -0.5108641,
          0,
          0,
          0.5108641,
          0.8596616,
          0,
          0.008037075,
          4.4832897,
          7.6993427,
          1
        ]
      }
    ],
    "E3D047F5-B1A5-4582-BD56-693AB21EB3CB" : [
      {
        "date" : 782248592.528426,
        "title" : "Untitled",
        "transform" : [
          1,
          0,
          0,
          0,
          0,
          0.7071069,
          -0.70710677,
          0,
          0,
          0.70710677,
          0.7071069,
          0,
          0,
          1.8395158,
          1.839516,
          1
        ]
      }
    ],
    "E91F422E-A905-41D3-9F7A-BE0FD3EFFA9A" : [
      {
        "date" : 781717116.656115,
        "title" : "Untitled",
        "transform" : [
          1,
          0,
          0,
          0,
          0,
          0.7071069,
          -0.70710677,
          0,
          0,
          0.70710677,
          0.7071069,
          0,
          0.07641147,
          0.58582836,
          0.5986931,
          1
        ]
      }
    ]
  },
  "sceneViewportBackgroundColors" : {

  },
  "selectedSceneRelativePath" : "Playground.usda"
}